Было запущено 48 различных комбинаций параметров
# lr: [0.001, 0.01, 0.1, 1]
# bs: [1, 32, 128, 256]
# e: [1, 5, 20]
#LEARNING_RATE = 1
#BATCH_SIZE = 256
#EPOCH = 20

Максимальное время ожидания:
Until the end: 170 min, 12 sec -> 3 hour 10 minutes 12 seconds

Результаты в tempFiles
Лучший результат в output43 при:
LEARNING_RATE = 0.1
BATCH_SIZE = 128
EPOCH = 20
accuracy: 0.9897000193595886


10_000 элементов фоток раскладывать 2 раза очень долго....


just MNIST:
accuracy: 0.9865999817848206
Matrix:
[[ 972    0    1    0    0    0    2    1    3    1]
 [   0 1130    1    0    0    0    1    2    1    0]
 [   1    0 1024    1    1    0    0    2    3    0]
 [   0    0    2  999    0    4    0    3    2    0]
 [   0    0    3    0  977    0    1    1    0    0]
 [   2    0    0    7    0  880    1    1    1    0]
 [   5    1    1    0    7    5  938    0    1    0]
 [   0    2    8    0    0    0    0 1017    0    1]
 [   3    0    3    5    1    3    1    4  953    1]
 [   1    1    1    5   10    5    0    8    2  976]]


Fashion:
accuracy: 0.8353999853134155
Matrix:
[[925   0  20  30   2   3   0   0  20   0]
 [  4 967   0  22   4   1   0   0   2   0]
 [ 23   1 855  18  97   1   0   0   5   0]
 [ 39   4  10 919  21   0   0   0   7   0]
 [  1   0  90  56 845   0   0   0   8   0]
 [  0   1   0   0   0 967   0  22   0  10]
 [337   2 233  42 347   0   0   0  39   0]
 [  0   0   0   0   0  15   0 972   0  13]
 [  2   1   2   4   4   3   0   6 978   0]
 [  0   0   0   0   0   8   0  64   2 926]]